$ python understanding_timedelta.py
53 days, 17:12:15.600010
-2 days, 0:04:00
now: 2022-12-15 15:06:22.547660
then: 2022-12-18 15:06:22.547660
now: 2022-12-15 15:06:22.547678
then: 2022-12-12 15:06:22.547678
now: 2022-12-15 15:06:22.547690
then: 2022-12-12 15:06:22.547678